13
3
1
1
1
1
1
1
1
1
1
1
1
1
2
1
2
3
23
1
1
1
1
1
1
1
1
1
1
1
2
27
2
1
1
1
1
1
1
1
1
1
1
1
1
1
2
2
2
30
7
2
1
1
1
1
1
1
1
1
2
1
1
2
1
2
3
5
22
2
1
1
1
1
1
1
1
1
1
2
2
24
3
15
2
2
3
3
6
21
4
1
2
1
1
1
1
1
1
1
1
1
1
1
1
1
1
1
1
2
2
2
20
17
2
2
1
1
1
2
1
2
2
2
2
2
2
4
22
24
2
2
1
1
1
1
1
1
1
1
1
1
1
1
2
1
1
1
1
1
1
2
2
3
1
25
15
10
2
1
2
1
1
1
1
2
1
1
1
1
1
1
1
1
1
1
1
1
1
2
2
4
29
14
9
2
1
1
1
1
1
1
2
2
2
2
3
2
3
2
4
16
10
5
2
1
1
1
1
1
1
1
1
1
4
29
2
1
1
1
1
1
1
1
1
1
1
2
1
2
28
1
1
1
1
1
1
1
1
1
1
1
1
1
2
4
19
1
1
2
1
1
1
1
1
1
1
1
1
2
8
20
2
1
1
1
1
1
1
1
2
1
1
1
2
5
24
2
1
1
1
1
1
1
1
1
1
1
1
1
2
4
21
2
1
1
1
1
1
1
1
1
1
1
2
25
3
2
1
1
1
1
1
1
1
1
1
1
1
1
1
3
15
1
1
1
1
1
1
1
1
1
1
1
2
2
9
23
2
1
1
1
1
1
1
1
1
1
1
1
1
1
2
2
18
4
7
2
1
1
1
1
1
1
1
1
1
1
1
1
2
3
21
1
1
1
1
1
1
1
1
1
1
1
1
2
29
2
1
1
1
1
1
1
1
1
1
1
2
2
10
15
5
1
1
1
1
1
1
1
1
1
1
1
1
1
2
15
11
1
1
1
1
1
1
2
1
1
1
1
1
1
18
9
1
1
1
1
1
1
1
1
2
6
3
3
2
3
3
2
2
2
2
3
2
1
1
2
2
2
4
23
